0.00
47.09
69.21
86.69
101.72
115.14
127.41
138.81
149.49
159.60
169.22
178.43
187.26
195.78
204.01
211.98
219.72
227.24
234.58
241.73
248.72
255.55
262.24
268.80
275.23
281.54
287.74
293.84
299.84
305.74
311.55
317.28
322.93
328.49
333.99
339.41
344.76
350.05
355.28
360.44
365.55
370.60
375.59
380.53
385.42
390.27
395.06
399.81
404.51
409.17
413.79
418.37
422.91
427.41
431.87
436.29
440.68
445.04
449.36
453.64
457.90
462.12
466.32
470.48
474.62
478.72
482.80
486.85
490.87
494.87
498.84
502.79
506.71
510.61
514.48
518.33
522.16
525.97
529.75
533.51
537.26
540.98
544.68
548.36
552.02
555.66
559.28
562.88
566.47
570.04
573.59
577.12
580.63
584.13
587.61
591.08
594.53
597.96
601.38
604.78
608.16
611.53
614.89
618.23
621.56
624.87
628.17
631.46
634.73
637.99
641.23
644.47
647.68
650.89
654.08
657.27
660.43
663.59
666.74
669.87
672.99
676.10
679.20
682.29
685.36
688.43
691.48
694.53
697.56
700.58
703.59
706.60
709.59
712.57
715.54
718.50
721.45
724.40
727.33
730.25
733.17
736.07
738.97
741.85
744.73
747.60
750.46
753.31
756.15
758.99
761.81
764.63
767.44
770.24
773.03
775.82
778.59
781.36
784.12
786.88
789.62
792.36
795.09
797.81
800.53
803.24
805.94
808.63
811.32
814.00
816.67
819.34
821.99
824.65
827.29
829.93
832.56
835.19
837.80
840.42
843.02
845.62
848.21
850.80
853.38
855.95
858.52
861.08
863.63
866.18
868.73
871.26
873.79
876.32
878.84
881.35
883.86
886.36
888.86
891.35
893.84
896.32
898.79
901.26
903.73
906.18
908.64
911.09
913.53
915.97
918.40
920.82
923.25
925.66
928.08
930.48
932.88
935.28
937.67
940.06
942.44
944.82
947.19
949.56
951.92
954.28
956.64
958.99
961.33
963.67
966.01
968.34
970.66
972.99
975.30
977.62
979.93
982.23
984.53
986.83
989.12
991.41
993.69
995.97
998.24
1000.51
1002.78
1005.04
1007.30
1009.56
1011.81
1014.05
1016.30
1018.53
1020.77
1023.00