0
47.09
69.21
86.69
101.72
115.14
127.41
138.81
149.49
159.6
169.518613717567
179.059732249444
188.251343897026
197.161931063119
205.810029089966
214.224420370517
222.434099055469
230.447988709603
238.30555993855
245.995683367653
253.547935481417
260.96146924885
268.255896447414
275.440722975697
282.515260621019
289.489103514361
296.371916372624
303.173434498623
309.893128497988
316.530468976348
323.095297115393
329.597524682728
336.036728162857
342.402060524788
348.724368799513
354.982417733502
361.186260266193
367.346019922937
373.461379067114
379.521490667732
385.547078230428
391.527312370692
397.461875451899
403.361049817716
409.224570770956
415.062808887678
420.854246570689
426.619907315771
432.348891152495
437.329598261765
441.537358865944
445.68620244464
449.7763407556
453.807985556573
457.781348605306
461.696641659547
465.564641164372
469.385505938093
473.14886540465
476.85493132179
480.524903650087
484.137935358548
487.715155821828
491.235788594853
494.720892466361
498.149761577193
501.543384130172
504.891495428115
508.19425428933
511.462154815232
514.684985248071
517.873204396302
521.016635795134
524.125702960063
527.190264719258
530.220709295257
533.217142566932
536.179670413159
539.098222248022
541.983115708141
544.844597844224
547.662474545001
550.447010507657
553.198311611067
555.916483734103
558.601632755641
561.253864554554
563.873285009715
566.47
570.04
573.59
577.12
580.63
584.13
587.61
591.08
594.53
597.96
601.38
604.78
608.16
611.53
614.89
618.23
621.56
624.87
628.17
631.46
634.73
637.99
641.23
644.47
647.68
650.89
654.08
657.27
660.43
663.59
666.74
669.87
672.99
676.1
679.2
682.29
685.36
688.43
691.48
694.53
697.56
700.58
703.59
706.6
709.59
712.57
715.54
718.5
721.45
724.4
727.33
730.25
733.17
736.07
738.97
741.85
744.73
747.6
750.46
753.31
756.15
758.99
761.81
764.63
767.44
770.24
773.03
775.82
778.59
781.36
784.12
786.88
789.62
792.36
795.09
797.81
800.53
803.24
805.94
808.63
811.32
814
816.67
819.34
821.99
824.65
827.29
829.93
832.56
835.19
837.8
840.42
843.02
845.62
848.21
850.8
853.38
855.95
858.52
861.08
863.63
866.18
868.73
871.26
873.79
876.32
878.84
881.35
883.86
886.36
888.86
891.35
893.84
896.32
898.79
901.26
903.73
906.18
908.64
911.09
913.53
915.97
918.4
920.82
923.25
925.66
928.08
930.48
932.88
935.28
937.67
940.06
942.44
944.82
947.19
949.56
951.92
954.28
956.64
958.99
961.33
963.67
966.01
968.34
970.66
972.99
975.3
977.62
979.93
982.23
984.53
986.83
989.12
991.41
993.69
995.97
998.24
1000.51
1002.78
1005.04
1007.3
1009.56
1011.81
1014.05
1016.3
1018.53
1020.77
1023
